      Time,s      T_center,C     T_surface,C        DeltaT,C
************************************************************
        0.00          100.00          118.26           18.26
        2.18          100.00          150.16           50.16
        4.37          100.00          168.50           68.50
        6.55          100.00          182.82           82.82
        8.73          100.00          194.97           94.97
       10.92          100.00          205.70          105.70
       13.10          100.01          215.43          115.42
       15.28          100.02          224.38          124.35
       17.47          100.06          232.72          132.65
       19.65          100.14          240.55          140.41
       21.83          100.27          247.97          147.70
       24.02          100.47          255.02          154.55
       26.20          100.76          261.76          161.00
       28.38          101.16          268.23          167.07
       30.57          101.68          274.46          172.77
       32.75          102.34          280.47          178.13
       34.93          103.13          286.29          183.16
       37.12          104.07          291.93          187.86
       39.30          105.16          297.41          192.25
       41.48          106.40          302.74          196.34
       43.67          107.78          307.94          200.15
       45.85          109.32          313.01          203.69
       48.03          111.00          317.97          206.97
       50.22          112.82          322.82          210.00
       52.40          114.77          327.57          212.79
       54.59          116.86          332.22          215.36
       56.77          119.06          336.79          217.72
       58.95          121.39          341.27          219.88
       61.14          123.83          345.68          221.86
       63.32          126.37          350.02          223.65
       65.50          129.01          354.28          225.27
       67.69          131.75          358.48          226.74
       69.87          134.57          362.62          228.05
       72.05          137.47          366.70          229.23
       74.24          140.46          370.73          230.27
       76.42          143.51          374.70          231.19
       78.60          146.63          378.62          231.99
       80.79          149.81          382.50          232.68
       82.97          153.05          386.33          233.27
       85.15          156.35          390.11          233.77
       87.34          159.69          393.85          234.17
       89.52          163.07          397.56          234.49
       91.70          166.50          401.22          234.72
       93.89          169.97          404.85          234.89
       96.07          173.47          408.45          234.98
       98.25          177.00          412.01          235.01
      100.44          180.56          415.54          234.98
      102.62          184.15          419.04          234.89
      104.80          187.76          422.50          234.74
      106.99          191.39          425.94          234.55
      109.17          195.04          429.35          234.31
      111.35          198.71          432.74          234.03
      113.54          202.39          436.10          233.70
      115.72          206.09          439.43          233.34
      117.90          209.80          442.74          232.94
      120.09          213.51          446.02          232.51
      122.27          217.24          449.28          232.05
      124.45          220.97          452.52          231.56
      126.64          224.70          455.74          231.04
      128.82          228.44          458.94          230.50
      131.00          232.18          462.12          229.94
      133.19          235.92          465.27          229.35
      135.37          239.67          468.41          228.74
      137.55          243.41          471.53          228.12
      139.74          247.15          474.63          227.48
      141.92          250.89          477.71          226.82
      144.10          254.63          480.78          226.15
      146.29          258.36          483.82          225.46
      148.47          262.09          486.85          224.76
      150.66          265.81          489.87          224.05
      152.84          269.53          492.86          223.33
      155.02          273.24          495.84          222.60
      157.21          276.94          498.81          221.87
      159.39          280.64          501.76          221.12
      161.57          284.33          504.69          220.36
      163.76          288.01          507.61          219.60
      165.94          291.68          510.52          218.84
      168.12          295.35          513.41          218.06
      170.31          299.00          516.29          217.29
      172.49          302.64          519.15          216.51
      174.67          306.28          522.00          215.72
      176.86          309.90          524.83          214.93
      179.04          313.51          527.65          214.14
      181.22          317.12          530.46          213.34
      183.41          320.71          533.26          212.55
      185.59          324.29          536.04          211.75
      187.77          327.86          538.81          210.95
      189.96          331.42          541.56          210.14
      192.14          334.96          544.30          209.34
      194.32          338.50          547.03          208.54
      196.51          342.02          549.75          207.73
      198.69          345.53          552.46          206.93
      200.87          349.03          555.15          206.12
      203.06          352.51          557.84          205.32
      205.24          355.99          560.50          204.52
      207.42          359.45          563.16          203.71
      209.61          362.90          565.81          202.91
      211.79          366.34          568.44          202.11
      213.97          369.76          571.07          201.31
      216.16          373.17          573.68          200.51
      218.34          376.57          576.28          199.71
      220.52          379.96          578.87          198.91
      222.71          383.33          581.45          198.12
      224.89          386.69          584.01          197.32
      227.07          390.04          586.57          196.53
      229.26          393.37          589.11          195.74
      231.44          396.69          591.65          194.95
      233.62          400.00          594.17          194.17
      235.81          403.30          596.68          193.38
      237.99          406.58          599.18          192.60
      240.17          409.85          601.67          191.82
      242.36          413.11          604.15          191.04
      244.54          416.36          606.62          190.26
      246.72          419.59          609.08          189.49
      248.91          422.81          611.53          188.72
      251.09          426.02          613.97          187.95
      253.28          429.21          616.40          187.18
      255.46          432.39          618.81          186.42
      257.64          435.56          621.22          185.66
      259.83          438.72          623.62          184.90
      262.01          441.86          626.01          184.14
      264.19          444.99          628.38          183.39
      266.38          448.11          630.75          182.64
      268.56          451.22          633.11          181.89
      270.74          454.31          635.46          181.15
      272.93          457.39          637.79          180.40
      275.11          460.46          640.12          179.66
      277.29          463.51          642.44          178.92
      279.48          466.56          644.75          178.19
      281.66          469.59          647.05          177.46
      283.84          472.61          649.34          176.73
      286.03          475.61          651.61          176.00
      288.21          478.61          653.88          175.28
      290.39          481.59          656.15          174.56
      292.58          484.56          658.40          173.84
      294.76          487.52          660.64          173.12
      296.94          490.46          662.87          172.41
      299.13          493.40          665.09          171.70
      301.31          496.32          667.31          170.99
      303.49          499.23          669.51          170.29
      305.68          502.13          671.71          169.58
      307.86          505.01          673.90          168.88
      310.04          507.89          676.07          168.19
      312.23          510.75          678.24          167.49
      314.41          513.60          680.40          166.80
      316.59          516.44          682.55          166.11
      318.78          519.26          684.69          165.43
      320.96          522.08          686.82          164.75
      323.14          524.88          688.95          164.07
      325.33          527.67          691.06          163.39
      327.51          530.46          693.17          162.71
      329.69          533.22          695.27          162.04
      331.88          535.98          697.36          161.37
      334.06          538.73          699.44          160.71
      336.24          541.46          701.51          160.04
      338.43          544.19          703.57          159.38
      340.61          546.90          705.62          158.72
      342.79          549.60          707.67          158.07
      344.98          552.29          709.71          157.41
      347.16          554.97          711.74          156.76
      349.34          557.64          713.76          156.11
      351.53          560.30          715.77          155.47
      353.71          562.94          717.77          154.83
      355.90          565.58          719.77          154.19
      358.08          568.20          721.75          153.55
      360.26          570.82          723.73          152.91
      362.45          573.42          725.70          152.28
      364.63          576.01          727.67          151.65
      366.81          578.59          729.62          151.03
      369.00          581.17          731.57          150.40
      371.18          583.73          733.51          149.78
      373.36          586.28          735.44          149.16
      375.55          588.81          737.36          148.54
      377.73          591.34          739.27          147.93
      379.91          593.86          741.18          147.32
      382.10          596.37          743.08          146.71
      384.28          598.87          744.97          146.10
      386.46          601.35          746.85          145.50
      388.65          603.83          748.72          144.90
      390.83          606.30          750.59          144.30
      393.01          608.75          752.45          143.70
      395.20          611.20          754.30          143.10
      397.38          613.63          756.15          142.51
      399.56          616.06          757.98          141.92
      401.75          618.48          759.81          141.34
      403.93          620.88          761.63          140.75
      406.11          623.28          763.45          140.17
      408.30          625.66          765.25          139.59
      410.48          628.04          767.05          139.01
      412.66          630.41          768.84          138.44
      414.85          632.76          770.63          137.86
      417.03          635.11          772.40          137.29
      419.21          637.45          774.17          136.73
      421.40          639.78          775.94          136.16
      423.58          642.09          777.69          135.60
      425.76          644.40          779.44          135.04
      427.95          646.70          781.18          134.48
      430.13          648.99          782.91          133.92
      432.31          651.27          784.64          133.37
      434.50          653.54          786.36          132.82
      436.68          655.80          788.07          132.27
      438.86          658.05          789.77          131.72
      441.05          660.29          791.47          131.17
      443.23          662.53          793.16          130.63
      445.41          664.75          794.84          130.09
      447.60          666.97          796.52          129.55
      449.78          669.17          798.19          129.02
      451.97          671.37          799.85          128.48
      454.15          673.55          801.51          127.95
      456.33          675.73          803.15          127.42
      458.52          677.90          804.80          126.89
      460.70          680.06          806.43          126.37
      462.88          682.21          808.06          125.85
      465.07          684.36          809.68          125.33
      467.25          686.49          811.30          124.81
      469.43          688.61          812.91          124.29
      471.62          690.73          814.51          123.78
      473.80          692.84          816.10          123.27
      475.98          694.94          817.69          122.76
      478.17          697.02          819.27          122.25
      480.35          699.11          820.85          121.74
      482.53          701.18          822.42          121.24
      484.72          703.24          823.98          120.74
      486.90          705.30          825.53          120.24
      489.08          707.34          827.08          119.74
      491.27          709.38          828.63          119.24
      493.45          711.41          830.16          118.75
      495.63          713.43          831.69          118.26
      497.82          715.45          833.22          117.77
      500.00          717.45          834.73          117.28
      502.18          719.45          836.25          116.80
      504.37          721.44          837.75          116.31
      506.55          723.42          839.25          115.83
      508.73          725.39          840.74          115.35
      510.92          727.35          842.23          114.88
      513.10          729.31          843.71          114.40
      515.28          731.26          845.18          113.93
      517.47          733.19          846.65          113.46
      519.65          735.13          848.11          112.99
      521.83          737.05          849.57          112.52
      524.02          738.97          851.02          112.05
      526.20          740.87          852.46          111.59
      528.38          742.77          853.90          111.13
      530.57          744.66          855.33          110.67
      532.75          746.55          856.76          110.21
      534.93          748.42          858.18          109.75
      537.12          750.29          859.59          109.30
      539.30          752.15          861.00          108.85
      541.48          754.01          862.40          108.40
      543.67          755.85          863.80          107.95
      545.85          757.69          865.19          107.50
      548.03          759.52          866.58          107.06
      550.22          761.34          867.96          106.62
      552.40          763.16          869.33          106.17
      554.59          764.96          870.70          105.73
      556.77          766.76          872.06          105.30
      558.95          768.56          873.42          104.86
      561.14          770.34          874.77          104.43
      563.32          772.12          876.12          104.00
      565.50          773.89          877.46          103.57
      567.69          775.65          878.79          103.14
      569.87          777.41          880.12          102.71
      572.05          779.16          881.44          102.29
      574.24          780.90          882.76          101.86
      576.42          782.63          884.07          101.44
      578.60          784.36          885.38          101.02
      580.79          786.08          886.68          100.60
      582.97          787.79          887.98          100.19
      585.15          789.50          889.27           99.77
      587.34          791.20          890.55           99.36
      589.52          792.89          891.84           98.95
      591.70          794.57          893.11           98.54
      593.89          796.25          894.38           98.13
      596.07          797.92          895.64           97.73
      598.25          799.58          896.90           97.32
      600.44          801.24          898.16           96.92
      602.62          802.89          899.41           96.52
      604.80          804.53          900.65           96.12
      606.99          806.17          901.89           95.72
      609.17          807.80          903.12           95.32
      611.35          809.42          904.35           94.93
      613.54          811.04          905.57           94.54
      615.72          812.65          906.79           94.15
      617.90          814.25          908.01           93.76
      620.09          815.84          909.21           93.37
      622.27          817.43          910.42           92.98
      624.45          819.02          911.61           92.60
      626.64          820.59          912.81           92.21
      628.82          822.16          914.00           91.83
      631.00          823.73          915.18           91.45
      633.19          825.28          916.36           91.07
      635.37          826.83          917.53           90.70
      637.55          828.38          918.70           90.32
      639.74          829.92          919.86           89.95
      641.92          831.45          921.02           89.58
      644.10          832.97          922.18           89.21
      646.29          834.49          923.33           88.84
      648.47          836.00          924.47           88.47
      650.66          837.51          925.61           88.10
      652.84          839.01          926.75           87.74
      655.02          840.50          927.88           87.38
      657.21          841.99          929.00           87.01
      659.39          843.47          930.12           86.65
      661.57          844.95          931.24           86.30
      663.76          846.41          932.35           85.94
      665.94          847.88          933.46           85.58
      668.12          849.33          934.56           85.23
      670.31          850.79          935.66           84.88
      672.49          852.23          936.76           84.52
      674.67          853.67          937.84           84.18
      676.86          855.10          938.93           83.83
      679.04          856.53          940.01           83.48
      681.22          857.95          941.09           83.13
      683.41          859.37          942.16           82.79
      685.59          860.77          943.22           82.45
      687.77          862.18          944.29           82.11
      689.96          863.58          945.34           81.77
      692.14          864.97          946.40           81.43
      694.32          866.35          947.45           81.09
      696.51          867.73          948.49           80.76
      698.69          869.11          949.53           80.42
      700.87          870.48          950.57           80.09
      703.06          871.84          951.60           79.76
      705.24          873.20          952.63           79.43
      707.42          874.55          953.65           79.10
      709.61          875.90          954.67           78.77
      711.79          877.24          955.69           78.45
      713.97          878.57          956.70           78.12
      716.16          879.90          957.70           77.80
      718.34          881.23          958.71           77.48
      720.52          882.55          959.70           77.16
      722.71          883.86          960.70           76.84
      724.89          885.17          961.69           76.52
      727.07          886.47          962.67           76.20
      729.26          887.77          963.66           75.89
      731.44          889.06          964.63           75.57
      733.62          890.35          965.61           75.26
      735.81          891.63          966.58           74.95
      737.99          892.90          967.54           74.64
      740.17          894.18          968.51           74.33
      742.36          895.44          969.46           74.02
      744.54          896.70          970.42           73.72
      746.72          897.96          971.37           73.41
      748.91          899.21          972.31           73.11
      751.09          900.45          973.26           72.81
      753.28          901.69          974.19           72.50
      755.46          902.92          975.13           72.20
      757.64          904.15          976.06           71.91
      759.83          905.38          976.98           71.61
      762.01          906.60          977.91           71.31
      764.19          907.81          978.83           71.02
      766.38          909.02          979.74           70.72
      768.56          910.22          980.65           70.43
      770.74          911.42          981.56           70.14
      772.93          912.62          982.46           69.85
      775.11          913.80          983.36           69.56
      777.29          914.99          984.26           69.27
      779.48          916.17          985.15           68.98
      781.66          917.34          986.04           68.70
      783.84          918.51          986.93           68.42
      786.03          919.68          987.81           68.13
      788.21          920.84          988.69           67.85
      790.39          921.99          989.56           67.57
      792.58          923.14          990.43           67.29
      794.76          924.29          991.30           67.01
      796.94          925.43          992.16           66.73
      799.13          926.56          993.02           66.46
      801.31          927.70          993.88           66.18
      803.49          928.82          994.73           65.91
      805.68          929.94          995.58           65.64
      807.86          931.06          996.43           65.37
      810.04          932.17          997.27           65.09
      812.23          933.28          998.11           64.83
      814.41          934.39          998.94           64.56
      816.59          935.48          999.77           64.29
      818.78          936.58         1000.60           64.02
      820.96          937.67         1001.43           63.76
      823.14          938.75         1002.25           63.50
      825.33          939.84         1003.07           63.23
      827.51          940.91         1003.88           62.97
      829.69          941.98         1004.69           62.71
      831.88          943.05         1005.50           62.45
      834.06          944.11         1006.31           62.19
      836.24          945.17         1007.11           61.94
      838.43          946.23         1007.91           61.68
      840.61          947.28         1008.70           61.42
      842.79          948.32         1009.49           61.17
      844.98          949.36         1010.28           60.92
      847.16          950.40         1011.07           60.66
      849.34          951.43         1011.85           60.41
      851.53          952.46         1012.63           60.16
      853.71          953.49         1013.40           59.91
      855.90          954.51         1014.17           59.67
      858.08          955.52         1014.94           59.42
      860.26          956.53         1015.71           59.17
      862.45          957.54         1016.47           58.93
      864.63          958.54         1017.23           58.69
      866.81          959.54         1017.99           58.44
      869.00          960.54         1018.74           58.20
      871.18          961.53         1019.49           57.96
      873.36          962.52         1020.24           57.72
      875.55          963.50         1020.98           57.48
      877.73          964.48         1021.72           57.24
      879.91          965.45         1022.46           57.01
      882.10          966.42         1023.19           56.77
      884.28          967.39         1023.92           56.54
      886.46          968.35         1024.65           56.30
      888.65          969.31         1025.38           56.07
      890.83          970.26         1026.10           55.84
      893.01          971.21         1026.82           55.61
      895.20          972.16         1027.54           55.38
      897.38          973.10         1028.25           55.15
      899.56          974.04         1028.96           54.92
      901.75          974.98         1029.67           54.69
      903.93          975.91         1030.37           54.47
      906.11          976.84         1031.08           54.24
      908.30          977.76         1031.77           54.02
      910.48          978.68         1032.47           53.79
      912.66          979.59         1033.16           53.57
      914.85          980.51         1033.85           53.35
      917.03          981.41         1034.54           53.13
      919.21          982.32         1035.23           52.91
      921.40          983.22         1035.91           52.69
      923.58          984.12         1036.59           52.47
      925.76          985.01         1037.26           52.25
      927.95          985.90         1037.94           52.04
      930.13          986.78         1038.61           51.82
      932.31          987.67         1039.27           51.61
      934.50          988.55         1039.94           51.39
      936.68          989.42         1040.60           51.18
      938.86          990.29         1041.26           50.97
      941.05          991.16         1041.92           50.76
      943.23          992.02         1042.57           50.55
      945.41          992.88         1043.22           50.34
      947.60          993.74         1043.87           50.13
      949.78          994.59         1044.52           49.92
      951.97          995.44         1045.16           49.72
      954.15          996.29         1045.80           49.51
      956.33          997.13         1046.44           49.31
      958.52          997.97         1047.07           49.10
      960.70          998.81         1047.71           48.90
      962.88          999.64         1048.34           48.70
      965.07         1000.47         1048.97           48.50
      967.25         1001.30         1049.59           48.29
      969.43         1002.12         1050.21           48.10
      971.62         1002.94         1050.83           47.90
      973.80         1003.75         1051.45           47.70
      975.98         1004.56         1052.06           47.50
      978.17         1005.37         1052.68           47.30
      980.35         1006.18         1053.29           47.11
      982.53         1006.98         1053.89           46.91
      984.72         1007.78         1054.50           46.72
      986.90         1008.57         1055.10           46.53
      989.08         1009.37         1055.70           46.33
      991.27         1010.15         1056.30           46.14
      993.45         1010.94         1056.89           45.95
      995.63         1011.72         1057.48           45.76
      997.82         1012.50         1058.07           45.57
************************************************************
dTmax =       235.01
